lat: 45.3775608
lon: -75.7118045
