lat: 45.3776492
lon: -75.71124809999999
