lat: 38.41910142
lon: -110.782723
