lat: 38.41836369
lon: -110.7847874
