lat: 38.41957183
lon: -110.7833951
