lat: 38.4197353
lon: -110.7846851
