lat: 38.41995429
lon: -110.783921
