lat: 38.4191216
lon: -110.7848854
