lat: 38.41928851
lon: -110.7831721
