lat: 38.41965712
lon: -110.7843735
